# This file may be used to create an environment using:
# $ conda create --name <env> --file <this file>
# platform: osx-64
absl-py=0.10.0=pypi_0
astor=0.8.1=pypi_0
blas=1.0=mkl
bleach=1.5.0=pypi_0
brotlipy=0.7.0=py36haf1e3a3_1000
ca-certificates=2020.6.24=0
certifi=2020.6.20=py36_0
cffi=1.14.1=py36hed5b41f_0
chardet=3.0.4=py36_1003
cryptography=2.9.2=py36ha12b0ac_0
gast=0.4.0=pypi_0
grpcio=1.31.0=pypi_0
html5lib=0.9999999=pypi_0
idna=2.10=py_0
importlib-metadata=1.7.0=pypi_0
intel-openmp=2019.4=233
joblib=0.16.0=pypi_0
libcxx=10.0.0=1
libedit=3.1.20191231=h1de35cc_1
libffi=3.3=hb1e8313_2
libgfortran=3.0.1=h93005f0_2
markdown=3.2.2=pypi_0
mkl=2018.0.3=1
mkl_fft=1.0.6=py36hb8a8100_0
mkl_random=1.0.1=py36h5d10147_1
ncurses=6.2=h0a44026_1
numpy=1.19.1=pypi_0
numpy-base=1.14.3=py36h479e554_1
openssl=1.1.1g=h1de35cc_0
pandas=0.24.2=py36h0a44026_0
pip=20.2.2=py36_0
protobuf=3.13.0=pypi_0
pycparser=2.20=py_2
pyopenssl=19.1.0=py_1
pysocks=1.7.1=py36_0
python=3.6.10=hf48f09d_2
python-dateutil=2.8.1=py_0
pytz=2020.1=py_0
readline=8.0=h1de35cc_0
requests=2.24.0=py_0
scikit-learn=0.23.2=pypi_0
scipy=1.0.0=py36h1de22e9_0
setuptools=49.6.0=py36_0
six=1.15.0=py_0
sqlite=3.33.0=hffcf06c_0
tbb=2020.1=h879752b_0
tbb4py=2020.1=py36h879752b_0
tensorboard=1.8.0=pypi_0
tensorflow=1.8.0=pypi_0
termcolor=1.1.0=pypi_0
threadpoolctl=2.1.0=pypi_0
tk=8.6.10=hb0a8c7a_0
urllib3=1.25.10=py_0
werkzeug=1.0.1=pypi_0
wheel=0.34.2=py36_0
xz=5.2.5=h1de35cc_0
zipp=3.1.0=pypi_0
zlib=1.2.11=h1de35cc_3
